UAS: 87.12765161901439
UASnoPunc: 88.82043746114283
LAS: 84.70224593065284
LASnoPunc: 86.07076244842592

UEM: 32.529411764705884
UEMnoPunc: 35.05882352941177
ROOT: 88.0
